[header]
width=16
height=25
tilewidth=64
tileheight=32
orientation=isometric

[tilesets]
tileset=iso-64x64-building_3.png,64,64,0,0
tileset=concrete368a.png,64,64,0,0
tileset=../../TeamNozdormu/tileset/grass-tiles-2-small.png,64,64,0,0
tileset=../../TeamNozdormu/tileset/qubodup-bush_0.png,32,32,0,0
tileset=../../TeamNozdormu/TeamProject/resources/Well/6d0773988024916f6a42a8f492fa2da2.bmp,64,32,0,0
tileset=../../TeamNozdormu/TeamProject/resources/Well/6d0773988024916f6a42a8f492fa2da2.bmp,64,64,0,0
tileset=../../TeamNozdormu/tileset/tree2-final.png,64,64,0,0
tileset=../../TeamNozdormu/tileset/tree2-final.png,128,64,0,0
tileset=../../TeamNozdormu/tileset/tree2-final.png,128,64,0,0
tileset=../../TeamNozdormu/tileset/tree2-final.png,64,32,0,0
tileset=../../TeamNozdormu/tileset/tree2-final.png,128,128,0,0
tileset=grassland_preview.png,64,32,0,0
tileset=../../TeamNozdormu/TeamProject/resources/Well/6d0773988024916f6a42a8f492fa2da2.bmp,64,64,0,0
tileset=concrete368a.png,64,64,0,0
tileset=iso-64x64-building_3.png,64,64,0,0

[layer]
type=Tile Layer 1
data=
0,0,0,0,0,0,0,0,0,0,0,0,0,0,0,0,
0,0,0,0,0,0,0,0,0,0,0,0,0,0,0,0,
0,0,0,0,0,0,0,0,0,0,0,0,0,0,0,0,
0,0,0,0,0,0,0,0,0,0,0,0,0,0,0,0,
0,0,0,0,0,0,0,0,0,0,0,0,0,0,0,0,
0,0,0,0,0,0,0,0,0,0,0,0,0,0,0,0,
0,0,0,0,0,0,0,0,0,0,0,0,0,0,0,0,
0,0,0,0,0,0,0,0,0,0,0,0,0,0,0,0,
0,0,0,0,0,0,0,0,0,0,0,0,0,0,0,0,
0,0,0,0,0,0,0,0,0,0,0,0,0,0,0,0,
0,0,0,0,0,0,0,0,0,0,0,0,0,0,0,0,
0,0,0,0,0,0,0,0,0,0,0,0,0,0,0,0,
0,0,0,0,0,0,0,0,0,0,0,0,0,0,0,0,
0,0,0,0,0,0,0,0,0,0,0,0,0,0,0,0,
0,0,0,0,0,0,0,0,0,0,0,0,0,0,0,0,
0,0,0,0,0,0,0,0,0,0,0,0,0,0,0,0,
0,0,0,0,0,0,0,0,0,0,0,0,0,0,0,0,
0,0,0,0,0,0,0,0,0,0,0,0,0,0,0,0,
0,0,0,0,0,0,0,0,0,0,0,0,0,0,0,0,
0,0,0,0,0,0,0,0,0,0,0,0,0,0,0,0,
0,0,0,0,0,0,0,0,0,0,0,0,0,0,0,0,
0,0,0,0,0,0,0,0,0,0,0,0,0,0,0,0,
0,0,0,0,0,0,0,0,0,0,0,0,0,0,0,0,
0,0,0,0,0,0,0,0,0,0,0,0,0,0,0,0,
0,0,0,0,0,0,0,0,0,0,0,0,0,0,0,0

[layer]
type=Top
data=
60,60,60,60,60,60,60,60,60,60,60,140,60,124,60,60,
0,60,106,117,106,106,115,106,140,140,0,0,119,124,117,117,
60,60,128,117,115,115,115,115,115,115,0,209,0,131,0,124,
0,60,114,218,115,0,115,115,115,115,208,0,125,0,131,131,
0,60,128,115,0,115,115,115,115,115,115,115,0,125,0,138,
0,60,128,117,117,0,115,0,115,115,115,115,115,0,0,140,
0,60,128,117,117,117,115,115,115,115,0,0,0,130,0,223,
0,60,128,117,110,110,115,115,115,0,0,289,117,117,130,132,
0,60,114,110,110,117,117,115,115,115,0,289,117,117,130,125,
0,60,114,110,117,117,117,115,115,115,115,115,124,117,130,125,
0,60,128,117,117,115,115,115,115,115,115,115,115,117,130,125,
0,60,128,115,115,115,115,115,115,115,115,115,115,127,130,132,
0,60,128,115,115,115,115,115,115,115,115,115,115,127,127,132,
0,60,128,115,115,115,115,115,115,115,115,0,115,115,0,138,
0,60,128,117,115,115,115,115,115,115,115,115,115,0,138,138,
0,60,128,115,115,115,115,115,115,115,115,115,115,117,131,225,
0,60,128,213,115,115,115,115,115,115,115,115,117,117,131,138,
0,60,128,115,115,115,0,115,115,115,115,115,115,130,131,138,
0,60,128,213,115,0,115,115,115,115,115,115,115,0,131,138,
0,60,117,124,115,115,115,115,115,115,115,115,115,0,222,140,
0,60,143,124,115,115,115,115,115,115,115,115,115,0,0,140,
0,60,143,124,199,110,115,115,134,134,0,115,134,134,222,0,
0,60,140,140,143,124,124,0,0,134,0,143,136,0,134,140,
0,60,140,198,0,127,127,127,127,225,0,224,140,140,140,0,
0,60,60,60,60,60,60,60,60,60,60,60,60,60,60,60

[layer]
type=Bottom
data=
0,0,0,0,0,0,0,0,0,0,0,0,0,0,0,0,
0,0,0,0,0,0,0,0,0,0,0,0,0,0,0,0,
0,0,0,0,0,0,0,0,0,0,0,0,0,0,0,0,
0,0,0,0,0,0,0,0,0,0,0,0,0,0,0,0,
0,0,0,0,0,0,0,0,0,0,0,0,0,0,0,0,
0,0,0,0,0,0,0,0,0,0,0,0,0,0,0,0,
0,0,0,0,0,0,0,0,0,0,0,0,0,0,0,0,
0,0,0,0,0,0,0,0,0,0,0,0,0,0,0,0,
0,0,0,0,0,0,0,0,0,0,0,0,0,0,0,0,
0,0,0,0,0,0,0,0,0,0,0,0,0,0,0,0,
0,0,0,0,0,0,0,0,0,0,0,0,0,0,0,0,
0,0,0,0,0,0,0,0,0,0,0,0,0,0,0,0,
0,0,0,0,0,0,0,0,0,0,0,0,0,0,0,0,
0,0,0,0,0,0,0,0,0,0,0,0,0,0,0,0,
0,0,0,0,0,0,0,0,0,0,0,0,0,0,0,0,
0,0,0,0,0,0,0,0,0,0,0,0,0,0,0,0,
0,0,0,0,0,0,0,0,0,0,0,0,0,0,0,0,
0,0,0,0,0,0,0,0,0,0,0,0,0,0,0,0,
0,0,0,0,0,0,0,0,0,0,0,0,0,0,0,0,
0,0,0,0,0,0,0,0,0,0,0,0,0,0,0,0,
0,0,0,0,0,0,0,0,0,0,0,0,0,0,0,0,
0,0,0,0,0,0,0,0,0,0,0,0,0,0,0,0,
0,0,0,0,0,0,0,0,0,0,0,0,0,0,0,0,
0,0,0,0,0,0,0,0,0,0,0,0,0,0,0,0,
0,0,0,0,0,0,0,0,0,0,0,0,0,0,0,0

[layer]
type=Topper
data=
0,0,0,0,0,0,0,0,0,0,0,0,0,0,0,0,
0,0,0,0,0,0,0,0,0,0,0,0,0,0,0,0,
0,0,0,0,0,0,0,0,0,0,0,0,0,0,0,0,
0,0,0,57,0,0,0,0,0,0,0,0,0,0,0,0,
0,0,0,0,0,60,0,0,0,0,280,0,0,0,0,0,
0,0,0,57,0,0,0,0,287,287,287,287,0,0,0,0,
0,0,0,0,0,0,0,286,0,290,293,0,283,0,0,0,
0,0,0,57,0,0,0,288,289,0,293,0,283,0,0,0,
0,0,0,0,0,60,0,288,289,292,292,0,283,0,0,0,
0,0,0,57,0,0,0,0,291,291,291,291,280,0,0,0,
0,0,0,0,0,0,0,0,0,0,0,0,0,0,0,0,
0,0,0,0,0,0,0,0,0,0,0,0,0,0,0,0,
0,0,0,0,0,0,0,0,0,0,0,0,0,0,0,0,
0,0,0,0,0,0,0,0,0,0,0,0,0,0,0,0,
0,0,0,0,0,0,0,0,0,0,0,0,0,0,0,0,
0,0,0,0,0,0,0,0,0,0,0,0,0,0,0,0,
0,0,0,0,0,0,0,0,0,0,0,0,0,0,0,0,
0,0,0,0,0,0,0,0,0,0,0,0,0,0,0,0,
0,0,0,57,0,0,0,0,0,0,0,0,0,0,0,0,
0,0,0,0,0,60,0,0,0,0,0,0,0,0,0,0,
0,0,0,57,0,0,0,0,0,0,0,0,0,0,0,0,
0,0,0,0,0,0,0,0,0,0,0,0,0,0,0,0,
0,0,0,0,0,0,0,0,0,0,0,0,0,0,0,0,
0,0,0,0,0,0,0,0,0,0,0,0,0,0,0,0,
0,0,0,0,0,0,0,0,0,0,0,0,0,0,0,0

[layer]
type=Topper2
data=
0,0,0,0,0,0,0,0,0,0,0,0,0,0,0,0,
0,0,0,0,0,0,0,0,0,0,0,0,0,0,0,0,
0,0,0,0,0,0,278,279,282,280,280,0,0,0,0,0,
0,0,0,0,0,0,0,281,0,285,280,0,0,0,0,0,
0,0,0,0,0,0,0,0,284,0,0,280,0,0,0,0,
0,0,0,0,0,0,0,0,0,0,0,0,0,0,0,0,
0,0,0,0,0,0,0,0,0,0,0,0,0,0,0,0,
0,0,0,0,0,0,0,0,0,0,0,0,0,0,0,0,
0,0,0,0,0,0,0,0,0,0,0,0,0,0,0,0,
0,0,0,0,0,0,0,0,0,0,0,0,0,0,0,0,
0,0,0,0,0,0,0,0,0,0,0,30,0,0,0,0,
0,0,0,280,275,0,0,0,0,0,0,0,40,0,0,0,
0,0,0,280,0,275,0,0,0,0,0,0,0,0,0,0,
0,0,0,280,280,275,275,0,0,0,0,0,0,0,0,0,
0,0,0,280,280,274,0,0,0,0,0,0,0,0,0,0,
0,0,0,280,273,0,0,0,0,0,0,0,0,0,0,0,
0,0,0,274,0,276,0,0,0,0,0,0,0,0,0,0,
0,0,0,0,274,0,0,0,0,0,0,0,0,0,0,0,
0,0,0,0,0,0,0,0,0,0,0,0,0,0,0,0,
0,0,0,0,0,0,0,0,0,0,0,0,0,0,0,0,
0,0,0,0,0,0,0,0,0,0,0,0,0,0,0,0,
0,0,0,0,0,0,0,0,0,0,0,0,0,0,0,0,
0,0,0,0,0,0,0,0,0,0,0,0,0,0,0,0,
0,0,0,0,0,0,0,0,0,0,0,0,0,0,0,0,
0,0,0,0,0,0,0,0,0,0,0,0,0,0,0,0

[layer]
type=Topper3
data=
0,0,0,0,0,0,0,0,0,0,0,0,0,0,0,0,
0,0,0,0,0,0,0,0,0,0,0,0,0,0,0,0,
0,0,0,0,0,0,0,0,0,0,0,0,0,0,0,0,
0,0,0,0,0,0,0,0,0,0,0,0,0,0,0,0,
0,0,0,0,0,0,0,0,0,0,0,0,0,0,0,0,
0,0,0,0,0,0,0,0,0,0,0,0,0,0,0,0,
0,0,0,0,0,0,0,0,0,0,0,0,0,0,0,0,
0,0,0,0,0,0,0,0,0,0,0,0,0,0,0,0,
0,0,0,0,0,0,0,0,0,0,0,0,0,0,0,0,
0,0,0,0,0,0,0,0,0,0,0,0,0,0,0,0,
0,0,0,0,0,0,0,0,0,0,0,30,0,0,0,0,
0,0,0,0,0,0,0,0,0,0,0,0,0,0,0,0,
0,0,0,0,0,0,0,0,0,0,0,0,0,0,0,0,
0,0,0,0,0,0,0,0,0,0,0,0,0,0,0,0,
0,0,0,0,0,0,0,0,0,0,0,0,0,0,0,0,
0,0,0,0,0,0,0,0,0,0,0,0,0,0,0,0,
0,0,0,0,0,0,0,0,0,0,0,0,0,0,0,0,
0,0,0,0,0,0,0,0,0,0,0,0,0,0,0,0,
0,0,0,0,0,0,0,0,0,0,0,0,0,0,0,0,
0,0,0,0,0,0,0,0,0,0,0,0,0,0,0,0,
0,0,0,0,0,0,0,0,0,0,0,0,0,0,0,0,
0,0,0,0,0,0,0,0,0,0,0,0,0,0,0,0,
0,0,0,0,0,0,0,0,0,0,0,0,0,0,0,0,
0,0,0,0,0,0,0,0,0,0,0,0,0,0,0,0,
0,0,0,0,0,0,0,0,0,0,0,0,0,0,0,0

